param tailleE := 12;

param tailleP := 12;

param cout := 1 3500 2 90000 3 10000 4 4000 5 3000 6 9000 7 9000 8 3000 9 4000 10 10000 11 9000 12 3500;

param capacite := 1 300 2 250 3 100 4 180 5 275 6 300 7 200 8 220 9 270 10 250 11 230 12 180;

param demande := 1 120 2 80 3 75 4 100 5 110 6 100 7 90 8 60 9 30 10 150 11 95 12 120;

param coutCentrale : 1 2 3 4 5 6 7 8 9 10 11 12 :=
						1 100 80 50 50 60 100 120 90 60 70 65 110
						2 120 90 60 70 65 110 140 110 80 80 75 130
						3 140 110 80 80 75 130 160 125 100 100 80 150
						4 160 125 100 100 80 150 190 150 130 50000 50000 50000
						5 190 150 130 50000 50000 50000 200 180 150 50000 50000 50000
						6 200 180 150 50000 50000 50000 100 80 50 50 60 100
						7 100 80 50 50 60 100 120 90 60 70 65 110
						8 120 90 60 70 65 110 140 110 80 80 75 130
						9 140 110 80 80 75 130 160 125 100 100 80 150
						10 160 125 100 100 80 150 190 150 130 50000 50000 50000
						11 190 150 130 50000 50000 50000 200 180 150 50000 50000 50000
						12 200 180 150 50000 50000 50000 100 80 50 50 60 100;